('x','y','z','intensity','index')
(0.888, 0., 0., 1948., 0)
(0.938857, 0.01638781, 0., 1022., 1)
(0.92043895, 0.03214244, 0., 3817., 2)
(0.81288445, 0.04260147, 0., 580., 3)
(0.9187565, 0.06424572, 0., 2161., 4)
(0.91550297, 0.08009613, 0., 2067., 5)
(0.9129711, 0.09595713, 0., 2031., 6)
(0.90420955, 0.11102297, 0., 1906., 7)
(0.91302717, 0.1283176, 0., 1887., 8)
(0.91953784, 0.14564048, 0., 2046., 9)
(0.95624834, 0.16861238, 0., 3975., 10)
(0.8623129, -0.29691818, 0., 1251., 341)
(0.8673635, -0.28182355, 0., 1997., 342)
(0.8769314, -0.26810488, 0., 2037., 343)
(0.8824382, -0.25303513, 0., 2174., 344)
(0.8896177, -0.23837239, 0., 2015., 345)
(0.8984938, -0.22401972, 0., 1843., 346)
(0.9042154, -0.20875461, 0., 2138., 347)
(0.8998958, -0.1912788, 0., 2246., 348)
(0.895244, -0.17401785, 0., 2184., 349)
(0.89125097, -0.15715164, 0., 2036., 350)
(0.89188254, -0.14126037, 0., 4335., 351)
(0.8783678, -0.12344658, 0., 1507., 352)
(0.89329153, -0.10968245, 0., 2086., 353)
(0.9079985, -0.09543453, 0., 2047., 354)
(0.9025524, -0.07896315, 0., 1950., 355)
(0.8608977, -0.06019988, 0., 4352., 356)
(0.8668104, -0.04542765, 0., 1974., 357)
(0.87246823, -0.0304673, 0., 2270., 358)
(0.89086425, -0.01555014, 0., 2101., 359)
(0.92, 0., 0., 4190., 0)
(0.90686184, 0.01582933, 0., 520., 1)
(0.90744686, 0.03168874, 0., 2105., 2)
(0.92073643, 0.04825375, 0., 580., 3)
(0.91077596, 0.06368766, 0., 2009., 4)
(0.92048395, 0.08053191, 0., 2163., 5)
(0.91694915, 0.09637524, 0., 2021., 6)
(0.92406046, 0.11346035, 0., 2344., 7)
(0.92094934, 0.12943098, 0., 2338., 8)
(0.92842704, 0.1470484, 0., 2174., 9)
(0.94147617, 0.16600765, 0., 4194., 10)
(0.88500535, -0.30473182, 0., 1790., 341)
(0.8901889, -0.28923994, 0., 2045., 342)
(0.89892644, -0.27482945, 0., 2042., 343)
(0.89397335, -0.2563428, 0., 2061., 344)
(0.8934814, -0.23940766, 0., 1890., 345)
(0.8975235, -0.2237778, 0., 2017., 346)
(0.9129847, -0.21077918, 0., 2053., 347)
(0.914568, -0.19439748, 0., 2200., 348)
(0.87659305, -0.17039247, 0., 2110., 349)
(0.87943333, -0.15506786, 0., 2165., 350)
(0.89287025, -0.1414168, 0., 4735., 351)
(0.8971829, -0.12609087, 0., 1961., 352)
(0.8883288, -0.1090731, 0., 2205., 353)
(0.90103686, -0.09470283, 0., 1989., 354)
(0.89059806, -0.07791728, 0., 1908., 355)
(0.8958125, -0.06264136, 0., 4070., 356)
(0.8877817, -0.04652671, 0., 1641., 357)
(0.8894578, -0.0310606, 0., 2205., 358)
(0.9008628, -0.01572466, 0., 2096., 359)
(0.922, 0., 0., 4042., 0)
(0.800878, 0.01397938, 0., 454., 1)
(0.9164414, 0.03200284, 0., 2113., 2)
(0.91374606, 0.0478874, 0., 601., 3)
(0.91077596, 0.06368766, 0., 2189., 4)
(0.91351056, 0.07992181, 0., 2041., 5)
(0.91595465, 0.09627072, 0., 1933., 6)
(0.92009026, 0.11297288, 0., 2043., 7)
(0.92193955, 0.12957016, 0., 2065., 8)
(0.90175945, 0.14282466, 0., 1996., 9)
(0.94935465, 0.16739684, 0., 4248., 10)
(0.88973296, -0.30635968, 0., 1610., 341)
(0.89494413, -0.290785, 0., 2026., 342)
(0.88649446, -0.2710286, 0., 1871., 343)
(0.8920508, -0.25579152, 0., 2060., 344)
(0.90024287, -0.24121939, 0., 2004., 345)
(0.8955829, -0.22329395, 0., 1942., 346)
(0.8964205, -0.20695502, 0., 2032., 347)
(0.9038084, -0.19211045, 0., 2179., 348)
(0.90604186, -0.17611673, 0., 2073., 349)
(0.90602314, -0.15975636, 0., 2087., 350)
(0.82669514, -0.13093568, 0., 4440., 351)
(0.90708554, -0.12748261, 0., 1524., 352)
(0.92009026, -0.11297292, 0., 2267., 353)
(0.86821765, -0.09125339, 0., 1991., 354)
(0.87864375, -0.07687141, 0., 1959., 355)
(0.8888295, -0.06215306, 0., 3741., 356)
(0.86780906, -0.04547999, 0., 2004., 357)
(0.88845843, -0.03102569, 0., 2175., 358)
(0.90986145, -0.01588173, 0., 2005., 359)
(0.902, 0., 0., 4211., 0)
(0.8808658, 0.01537557, 0., 454., 1)
(0.9354298, 0.03266593, 0., 2061., 2)
(0.82486796, 0.0432295, 0., 603., 3)
(0.94170046, 0.06585011, 0., 2002., 4)
(0.92048395, 0.08053191, 0., 2063., 5)
(0.8990478, 0.09449373, 0., 2222., 6)
(0.92803067, 0.11394784, 0., 2464., 7)
(0.93679357, 0.13165775, 0., 2266., 8)
(0.9225009, 0.14610979, 0., 2029., 9)
(0.9385218, 0.16548671, 0., 3621., 10)
(0.8585308, -0.2956159, 0., 1496., 341)
(0.8635593, -0.28058746, 0., 1903., 342)
(0.8845819, -0.27044386, 0., 1956., 343)
(0.8901283, -0.25524023, 0., 2014., 344)
(0.8963791, -0.24018411, 0., 1949., 345)
(0.8975235, -0.2237778, 0., 1928., 346)
(0.88959986, -0.20538035, 0., 2049., 347)
(0.8901143, -0.18919969, 0., 2305., 348)
(0.9040786, -0.17573513, 0., 2043., 349)
(0.8882966, -0.1566307, 0., 1901., 350)
(0.89287025, -0.1414168, 0., 4650., 351)
(0.8892607, -0.12497748, 0., 1535., 352)
(0.8952766, -0.10992619, 0., 2139., 353)
(0.908993, -0.09553906, 0., 2622., 354)
(0.89358664, -0.07817875, 0., 2019., 355)
(0.90279543, -0.06312965, 0., 4134., 356)
(0.8927748, -0.04678839, 0., 1639., 357)
(0.9014505, -0.03147939, 0., 2200., 358)
(0.9198599, -0.01605626, 0., 1931., 359)
(0.922, 0., 0., 2090., 0)
(0.8618687, 0.01504397, 0., 980., 1)
(0.90844625, 0.03172364, 0., 2467., 2)
(0.91075015, 0.04773039, 0., 2199., 3)
(0.91376865, 0.06389693, 0., 580., 4)
(0.931442, 0.08149062, 0., 2161., 5)
(0.92490536, 0.09721147, 0., 2208., 6)
(0.9061946, 0.11126671, 0., 2088., 7)
(0.91302717, 0.1283176, 0., 1993., 8)
(0.925464, 0.14657909, 0., 2269., 9)
(0.92571926, 0.16322929, 0., 1883., 10)
(0.87838674, -0.30245286, 0., 1273., 341)
(0.8835315, -0.28707683, 0., 1949., 342)
(0.891276, -0.27249047, 0., 2006., 343)
(0.8891671, -0.2549646, 0., 2061., 344)
(0.8992769, -0.24096057, 0., 1980., 345)
(0.89364237, -0.2228101, 0., 1939., 346)
(0.88959986, -0.20538035, 0., 1881., 347)
(0.88522357, -0.18816012, 0., 2238., 348)
(0.887391, -0.17249137, 0., 2000., 349)
(0.87155485, -0.15367867, 0., 2112., 350)
(0.881018, -0.13953958, 0., 4037., 351)
(0.85757214, -0.12052394, 0., 1258., 352)
(0.925053, -0.11358227, 0., 2166., 353)
(0.90402037, -0.09501641, 0., 2020., 354)
(0.88362473, -0.07730719, 0., 2089., 355)
(0.8788539, -0.0614555, 0., 3847., 356)
(0.8708049, -0.045637, 0., 2068., 357)
(0.88446087, -0.0308861, 0., 2135., 358)
(0.9028625, -0.01575957, 0., 1813., 359)
(0.915, 0., 0., 2110., 0)
(0.8358727, 0.01459021, 0., 953., 1)
(0.9234372, 0.03224714, 0., 2132., 2)
(0.9167419, 0.04804441, 0., 1733., 3)
(0.91077596, 0.06368766, 0., 909., 4)
(0.9125143, 0.07983466, 0., 2067., 5)
(0.9199328, 0.09668883, 0., 2082., 6)
(0.91711265, 0.11260728, 0., 2179., 7)
(0.91302717, 0.1283176, 0., 2031., 8)
(0.91064864, 0.14423257, 0., 2017., 9)
(0.91390157, 0.16114551, 0., 2024., 10)
(0.8698771, -0.29952276, 0., 1796., 341)
(0.874972, -0.28429568, 0., 1994., 342)
(0.88553816, -0.27073625, 0., 1971., 343)
(0.8882058, -0.25468898, 0., 1972., 344)
(0.8915495, -0.23889, 0., 1846., 345)
(0.8955829, -0.22329395, 0., 2126., 346)
(0.8954461, -0.20673007, 0., 1943., 347)
(0.8901143, -0.18919969, 0., 2155., 348)
(0.8991705, -0.17478108, 0., 2202., 349)
(0.8873118, -0.15645705, 0., 2213., 350)
(0.8780549, -0.13907029, 0., 4706., 351)
(0.8625235, -0.12121981, 0., 2044., 352)
(0.88336605, -0.10846376, 0., 2122., 353)
(0.8960642, -0.09418019, 0., 2070., 354)
(0.87864375, -0.07687141, 0., 1978., 355)
(0.8928198, -0.06243208, 0., 4462., 356)
(0.88378716, -0.04631737, 0., 1704., 357)
(0.86847067, -0.03032771, 0., 2070., 358)
(0.88386536, -0.01542797, 0., 733., 359)
(0.934, 0., 0., 3743., 0)
(0.9118611, 0.0159166, 0., 957., 1)
(0.89145666, 0.03113035, 0., 2151., 2)
(0.9067556, 0.04752105, 0., 1066., 3)
(0.94369555, 0.06598962, 0., 1411., 4)
(0.931442, 0.08149062, 0., 2265., 5)
(0.9199328, 0.09668883, 0., 2059., 6)
(0.9190977, 0.11285101, 0., 1949., 7)
(0.92887145, 0.13054436, 0., 2109., 8)
(0.9264517, 0.14673553, 0., 2245., 9)
(0.9237497, 0.162882, 0., 1967., 10)
(0.866095, -0.2982205, 0., 1369., 341)
(0.8711678, -0.2830596, 0., 2052., 342)
(0.8807567, -0.26927438, 0., 1945., 343)
(0.87955445, -0.25220823, 0., 2165., 344)
(0.885754, -0.2373371, 0., 1993., 345)
(0.8955829, -0.22329395, 0., 1956., 346)
(0.8944717, -0.2065051, 0., 2082., 347)
(0.8998958, -0.1912788, 0., 2297., 348)
(0.9021154, -0.17535351, 0., 2021., 349)
(0.90602314, -0.15975636, 0., 2243., 350)
(0.8632396, -0.13672377, 0., 4284., 351)
(0.85757214, -0.12052394, 0., 1450., 352)
(0.90023935, -0.11053554, 0., 2167., 353)
(0.8980533, -0.09438924, 0., 1765., 354)
(0.89557904, -0.07835305, 0., 2027., 355)
(0.90279543, -0.06312965, 0., 4171., 356)
(0.8877817, -0.04652671, 0., 1963., 357)
(0.89845234, -0.03137469, 0., 2054., 358)
(0.9158605, -0.01598645, 0., 707., 359)
(0.908, 0., 0., 4696., 0)
(0.9028625, 0.01575952, 0., 953., 1)
(0.8944548, 0.03123505, 0., 2153., 2)
(0.8218721, 0.04307249, 0., 681., 3)
(0.92773455, 0.06487352, 0., 1946., 4)
(0.931442, 0.08149062, 0., 1951., 5)
(0.9358451, 0.09836128, 0., 2146., 6)
(0.9190977, 0.11285101, 0., 2141., 7)
(0.9229298, 0.12970933, 0., 1979., 8)
(0.9175625, 0.14532761, 0., 2024., 9)
(0.92079526, 0.16236104, 0., 2219., 10)
(0.8556943, -0.2946392, 0., 1509., 341)
(0.8607061, -0.2796604, 0., 2018., 342)
(0.891276, -0.27249047, 0., 1761., 343)
(0.9026247, -0.2588235, 0., 2048., 344)
(0.9127999, -0.24458404, 0., 1819., 345)
(0.8781176, -0.21893935, 0., 2006., 346)
(0.8866768, -0.2047055, 0., 1986., 347)
(0.89500505, -0.19023925, 0., 2325., 348)
(0.8962256, -0.17420866, 0., 2165., 349)
(0.8814029, -0.15541516, 0., 2138., 350)
(0.87607956, -0.13875742, 0., 4100., 351)
(0.85757214, -0.12052394, 0., 1649., 352)
(0.91612005, -0.11248545, 0., 2226., 353)
(0.9129711, -0.09595717, 0., 2144., 354)
(0.90952575, -0.07957324, 0., 1917., 355)
(0.8998028, -0.06292038, 0., 3894., 356)
(0.8947721, -0.04689306, 0., 1643., 357)
(0.89945173, -0.03140959, 0., 2197., 358)
(0.9198599, -0.01605626, 0., 1223., 359)
(0.928, 0., 0., 3692., 0)
(0.8508704, 0.014852, 0., 435., 1)
(0.9114444, 0.03182834, 0., 2215., 2)
(0.78492284, 0.04113606, 0., 596., 3)
(0.93870777, 0.06564084, 0., 2119., 4)
(0.9224763, 0.08070622, 0., 2176., 5)
(0.907004, 0.09532996, 0., 2103., 6)
(0.9210828, 0.11309475, 0., 2169., 7)
(0.92094934, 0.12943098, 0., 2145., 8)
(0.90768564, 0.14376327, 0., 1951., 9)
(0.9247345, 0.16305564, 0., 4140., 10)
(0.8651495, -0.2978949, 0., 1445., 341)
(0.8702167, -0.2827506, 0., 1973., 342)
(0.88745075, -0.27132097, 0., 1987., 343)
(0.89108956, -0.25551587, 0., 2057., 344)
(0.898311, -0.24070175, 0., 1990., 345)
(0.8965533, -0.22353588, 0., 1839., 346)
(0.9012923, -0.20807977, 0., 2122., 347)
(0.8998958, -0.1912788, 0., 2222., 348)
(0.8972072, -0.17439947, 0., 2185., 349)
(0.90011424, -0.15871447, 0., 2135., 350)
(0.89188254, -0.14126037, 0., 4661., 351)
(0.87539697, -0.12302906, 0., 1549., 352)
(0.8853512, -0.1087075, 0., 2236., 353)
(0.90600944, -0.09522548, 0., 2339., 354)
(0.8965752, -0.07844021, 0., 2092., 355)
(0.8978076, -0.06278086, 0., 4122., 356)
(0.87579805, -0.04589868, 0., 2033., 357)
(0.88246214, -0.0308163, 0., 2153., 358)
(0.9038623, -0.01577702, 0., 1763., 359)
(0.901, 0., 0., 4526., 0)
(0.8918642, 0.01556755, 0., 691., 1)
(0.9134432, 0.03189814, 0., 2020., 2)
(0.7769338, 0.04071737, 0., 615., 3)
(0.9077833, 0.0634784, 0., 2257., 4)
(0.92546487, 0.08096769, 0., 1840., 5)
(0.88214093, 0.09271675, 0., 2066., 6)
(0.9290232, 0.1140697, 0., 2151., 7)
(0.92590064, 0.13012685, 0., 2131., 8)
(0.9234886, 0.14626622, 0., 1931., 9)
(0.92965853, 0.16392387, 0., 4202., 10)
(0.8764957, -0.3018017, 0., 1503., 341)
(0.88162935, -0.2864588, 0., 2238., 342)
(0.881713, -0.26956674, 0., 1991., 343)
(0.88147694, -0.2527595, 0., 1966., 344)
(0.8992769, -0.24096057, 0., 1882., 345)
(0.8917018, -0.22232626, 0., 1961., 346)
(0.89154863, -0.20583026, 0., 2080., 347)
(0.8959832, -0.19044715, 0., 2176., 348)
(0.9001521, -0.1749719, 0., 2075., 349)
(0.90996236, -0.16045097, 0., 1855., 350)
(0.84743655, -0.13422081, 0., 4455., 351)
(0.8694554, -0.12219403, 0., 1570., 352)
(0.89626914, -0.11004806, 0., 2155., 353)
(0.90302587, -0.09491189, 0., 1941., 354)
(0.89159423, -0.07800443, 0., 2007., 355)
(0.88982713, -0.06222282, 0., 4406., 356)
(0.89377344, -0.04684072, 0., 1519., 357)
(0.89945173, -0.03140959, 0., 2202., 358)
(0.9198599, -0.01605626, 0., 2202., 359)
(0.963, 0., 0., 3051., 0)
(0.9628533, 0.01680667, 0., 566., 1)
(0.9454237, 0.03301492, 0., 2517., 2)
(0.7809283, 0.04092672, 0., 574., 3)
(0.9227468, 0.06452474, 0., 2094., 4)
(0.92446864, 0.08088052, 0., 2215., 5)
(0.92589986, 0.097316, 0., 1961., 6)
(0.92009026, 0.11297288, 0., 2186., 7)
(0.91896874, 0.12915263, 0., 2110., 8)
(0.9225009, 0.14610979, 0., 2089., 9)
(0.93655217, 0.1651394, 0., 4076., 10)
(0.8755502, -0.30147615, 0., 1479., 341)
(0.8806783, -0.28614977, 0., 1747., 342)
(0.8893634, -0.27190572, 0., 2103., 343)
(0.89108956, -0.25551587, 0., 2041., 344)
(0.8886518, -0.23811357, 0., 2072., 345)
(0.89461267, -0.22305202, 0., 1877., 346)
(0.892523, -0.20605521, 0., 2007., 347)
(0.8959832, -0.19044715, 0., 2222., 348)
(0.89328074, -0.17363623, 0., 2064., 349)
(0.8873118, -0.15645705, 0., 2158., 350)
(0.87114114, -0.13797525, 0., 4472., 351)
(0.8585624, -0.12066311, 0., 1877., 352)
(0.91314244, -0.11211984, 0., 2209., 353)
(0.85926694, -0.09031264, 0., 2096., 354)
(0.92347246, -0.08079342, 0., 1939., 355)
(0.9077833, -0.06347844, 0., 3980., 356)
(0.8927748, -0.04678839, 0., 1753., 357)
(0.8894578, -0.0310606, 0., 2117., 358)
(0.9028625, -0.01575957, 0., 1989., 359)
(0.936, 0., 0., 2883., 0)
(0.9458559, 0.01650998, 0., 662., 1)
(0.9484219, 0.03311962, 0., 3000., 2)
(0.9287255, 0.04867244, 0., 566., 3)
(0.91077596, 0.06368766, 0., 2162., 4)
(0.92048395, 0.08053191, 0., 2100., 5)
(0.9348506, 0.09825675, 0., 1836., 6)
(0.9290232, 0.1140697, 0., 2141., 7)
(0.9298617, 0.13068354, 0., 2116., 8)
(0.9313901, 0.1475177, 0., 2174., 9)
(0.93655217, 0.1651394, 0., 3913., 10)
(0.8755502, -0.30147615, 0., 1712., 341)
(0.8806783, -0.28614977, 0., 2127., 342)
(0.89797014, -0.2745371, 0., 2132., 343)
(0.89108956, -0.25551587, 0., 2095., 344)
(0.8480829, -0.22724317, 0., 1972., 345)
(0.9246918, -0.23055162, 0., 1834., 346)
(0.9129847, -0.21077918, 0., 2001., 347)
(0.9018521, -0.19169462, 0., 2170., 348)
(0.895244, -0.17401785, 0., 2031., 349)
(0.8882966, -0.1566307, 0., 2075., 350)
(0.88496876, -0.14016533, 0., 4636., 351)
(0.85658187, -0.12038478, 0., 1650., 352)
(0.92406046, -0.1134604, 0., 2158., 353)
(0.90700394, -0.09533, 0., 1946., 354)
(0.8896019, -0.07783012, 0., 1953., 355)
(0.9047906, -0.06326917, 0., 4342., 356)
(0.8917762, -0.04673605, 0., 2048., 357)
(0.9004512, -0.03144449, 0., 2419., 358)
(0.9088615, -0.01586428, 0., 2138., 359)
(0.924, 0., 0., 1191., 0)
(0.9018626, 0.01574207, 0., 1664., 1)
(0.915442, 0.03196794, 0., 4516., 2)
(0.8288625, 0.04343884, 0., 557., 3)
(0.9087809, 0.06354815, 0., 2124., 4)
(0.91351056, 0.07992181, 0., 2063., 5)
(0.9189383, 0.09658431, 0., 2092., 6)
(0.92406046, 0.11346035, 0., 2130., 7)
(0.9278812, 0.13040519, 0., 2216., 8)
(0.9274394, 0.14689197, 0., 2081., 9)
(0.92079526, 0.16236104, 0., 3015., 10)
(0.8821688, -0.30375513, 0., 1016., 341)
(0.8873357, -0.2883129, 0., 2021., 342)
(0.89414495, -0.27336758, 0., 1901., 343)
(0.9016635, -0.2585479, 0., 2292., 344)
(0.90410656, -0.24225466, 0., 1972., 345)
(0.8917018, -0.22232626, 0., 1960., 346)
(0.89739484, -0.20717996, 0., 2154., 347)
(0.8959832, -0.19044715, 0., 2184., 348)
(0.90702355, -0.17630756, 0., 2093., 349)
(0.90503836, -0.15958272, 0., 2073., 350)
(0.8484243, -0.13437726, 0., 4085., 351)
(0.86846507, -0.12205485, 0., 1577., 352)
(0.8883288, -0.1090731, 0., 2017., 353)
(0.90203136, -0.09480736, 0., 1768., 354)
(0.9025524, -0.07896315, 0., 2030., 355)
(0.9057881, -0.06333892, 0., 3922., 356)
(0.89377344, -0.04684072, 0., 2059., 357)
(0.9114444, -0.03182838, 0., 2110., 358)
(0.92085975, -0.01607371, 0., 2335., 359)
(0.922, 0., 0., 3049., 0)
(0.925859, 0.01616093, 0., 573., 1)
(0.9374286, 0.03273573, 0., 2667., 2)
(0.9147447, 0.04793974, 0., 571., 3)
(0.8998028, 0.06292034, 0., 2373., 4)
(0.91351056, 0.07992181, 0., 2144., 5)
(0.908993, 0.09553901, 0., 1905., 6)
(0.90718716, 0.11138858, 0., 2217., 7)
(0.91698825, 0.12887429, 0., 1864., 8)
(0.9185502, 0.14548405, 0., 2159., 9)
(0.9316281, 0.16427118, 0., 4120., 10)
(0.88973296, -0.30635968, 0., 1591., 341)
(0.89494413, -0.290785, 0., 1883., 342)
(0.89414495, -0.27336758, 0., 2149., 343)
(0.89108956, -0.25551587, 0., 2163., 344)
(0.8905836, -0.2386312, 0., 1776., 345)
(0.87520677, -0.21821359, 0., 1837., 346)
(0.89154863, -0.20583026, 0., 2031., 347)
(0.89793944, -0.19086297, 0., 2192., 348)
(0.9011337, -0.1751627, 0., 2098., 349)
(0.9010991, -0.15888813, 0., 2131., 350)
(0.88595647, -0.14032176, 0., 4300., 351)
(0.8674748, -0.12191568, 0., 1592., 352)
(0.8863437, -0.10882936, 0., 2240., 353)
(0.90600944, -0.09522548, 0., 1876., 354)
(0.8896019, -0.07783012, 0., 2023., 355)
(0.9017979, -0.0630599, 0., 4149., 356)
(0.9027611, -0.04731175, 0., 1992., 357)
(0.90644747, -0.03165389, 0., 2185., 358)
(0.9088615, -0.01586428, 0., 2111., 359)
(0.913, 0., 0., 2635., 0)
(0.89486367, 0.0156199, 0., 692., 1)
(0.9014505, 0.03147935, 0., 2764., 2)
(0.9177406, 0.04809675, 0., 564., 3)
(0.9017979, 0.06305985, 0., 2004., 4)
(0.9224763, 0.08070622, 0., 1959., 5)
(0.92490536, 0.09721147, 0., 1979., 6)
(0.9190977, 0.11285101, 0., 2058., 7)
(0.9120369, 0.12817843, 0., 2058., 8)
(0.9116363, 0.144389, 0., 2299., 9)
(0.9395066, 0.16566037, 0., 3993., 10)
(0.8708226, -0.29984832, 0., 1671., 341)
(0.87592304, -0.2846047, 0., 1900., 342)
(0.8884071, -0.27161336, 0., 2079., 343)
(0.9045472, -0.2593748, 0., 2135., 344)
(0.8925155, -0.23914884, 0., 1897., 345)
(0.8955829, -0.22329395, 0., 1987., 346)
(0.8964205, -0.20695502, 0., 1955., 347)
(0.8910925, -0.1894076, 0., 2238., 348)
(0.8942624, -0.17382704, 0., 2051., 349)
(0.89912945, -0.15854083, 0., 2179., 350)
(0.8879318, -0.14063463, 0., 4549., 351)
(0.8714359, -0.12247237, 0., 1537., 352)
(0.92406046, -0.1134604, 0., 2109., 353)
(0.87915736, -0.0924032, 0., 2245., 354)
(0.93542683, -0.08183929, 0., 2090., 355)
(0.87685883, -0.06131598, 0., 4046., 356)
(0.8767967, -0.04595101, 0., 1741., 357)
(0.9254359, -0.03231698, 0., 2177., 358)
(0.9238593, -0.01612607, 0., 2065., 359)
(0.898, 0., 0., 3501., 0)
(0.79187936, 0.01382231, 0., 559., 1)
(0.91943955, 0.03210754, 0., 2686., 2)
(0.9047584, 0.04741638, 0., 601., 3)
(0.88982713, 0.06222278, 0., 2180., 4)
(0.9045448, 0.07913741, 0., 2203., 5)
(0.8990478, 0.09449373, 0., 1934., 6)
(0.90420955, 0.11102297, 0., 2192., 7)
(0.91302717, 0.1283176, 0., 1885., 8)
(0.9086733, 0.1439197, 0., 2116., 9)
(0.9749597, 0.1719117, 0., 4070., 10)
(0.87933224, -0.30277842, 0., 1670., 341)
(0.88448256, -0.28738585, 0., 2000., 342)
(0.89701384, -0.2742447, 0., 2023., 343)
(0.89108956, -0.25551587, 0., 2210., 344)
(0.8944473, -0.23966648, 0., 2090., 345)
(0.89364237, -0.2228101, 0., 1912., 346)
(0.90031797, -0.20785482, 0., 1951., 347)
(0.9067428, -0.19273418, 0., 2174., 348)
(0.90309703, -0.17554432, 0., 1916., 349)
(0.90996236, -0.16045097, 0., 2157., 350)
(0.84447354, -0.13375151, 0., 4538., 351)
(0.85757214, -0.12052394, 0., 1506., 352)
(0.87046295, -0.10687945, 0., 2250., 353)
(0.89109164, -0.09365755, 0., 2050., 354)
(0.8756551, -0.07660994, 0., 1873., 355)
(0.88982713, -0.06222282, 0., 3973., 356)
(0.8797926, -0.04610802, 0., 1878., 357)
(0.90744686, -0.03168879, 0., 2176., 358)
(0.90986145, -0.01588173, 0., 2175., 359)
(0.942, 0., 0., 2098., 0)
(0.9078617, 0.01584679, 0., 1019., 1)
(0.9024499, 0.03151425, 0., 2097., 2)
(0.9177406, 0.04809675, 0., 2623., 3)
(0.91775894, 0.06417596, 0., 422., 4)
(0.9214801, 0.08061906, 0., 2009., 5)
(0.931867, 0.09794316, 0., 2100., 6)
(0.9091723, 0.11163232, 0., 1998., 7)
(0.9150077, 0.12859595, 0., 2216., 8)
(0.89879644, 0.14235537, 0., 2032., 9)
(0.8882966, 0.15663065, 0., 2024., 10)
(0.8736592, -0.30082503, 0., 932., 341)
(0.87877625, -0.28553176, 0., 1955., 342)
(0.8893634, -0.27190572, 0., 2227., 343)
(0.8930121, -0.25606716, 0., 2030., 344)
(0.8896177, -0.23837239, 0., 2089., 345)
(0.88685024, -0.22111665, 0., 1897., 346)
(0.8954461, -0.20673007, 0., 2172., 347)
(0.8998958, -0.1912788, 0., 2083., 348)
(0.9099684, -0.17687997, 0., 2103., 349)
(0.9079927, -0.16010366, 0., 2115., 350)
(0.8513873, -0.13484655, 0., 4319., 351)
(0.85757214, -0.12052394, 0., 1606., 352)
(0.9260456, -0.11370414, 0., 1816., 353)
(0.86324495, -0.09073074, 0., 2076., 354)
(0.8826285, -0.07722003, 0., 1911., 355)
(0.9017979, -0.0630599, 0., 4105., 356)
(0.89676934, -0.04699773, 0., 1939., 357)
(0.89845234, -0.03137469, 0., 2182., 358)
(0.9028625, -0.01575957, 0., 2237., 359)
(0.908, 0., 0., 4615., 0)
(0.9298584, 0.01623074, 0., 953., 1)
(0.91044503, 0.03179344, 0., 2023., 2)
(0.78292555, 0.04103139, 0., 627., 3)
(0.92773455, 0.06487352, 0., 2082., 4)
(0.92347246, 0.08079337, 0., 1904., 5)
(0.9189383, 0.09658431, 0., 2184., 6)
(0.91115737, 0.11187606, 0., 2123., 7)
(0.92094934, 0.12943098, 0., 2261., 8)
(0.9165748, 0.14517118, 0., 1963., 9)
(0.91390157, 0.16114551, 0., 3009., 10)
(0.8670405, -0.29854605, 0., 1534., 341)
(0.87211883, -0.28336862, 0., 1959., 342)
(0.8884071, -0.27161336, 0., 2018., 343)
(0.8891671, -0.2549646, 0., 2007., 344)
(0.88478804, -0.2370783, 0., 2046., 345)
(0.8819988, -0.21990705, 0., 1995., 346)
(0.88959986, -0.20538035, 0., 2242., 347)
(0.89500505, -0.19023925, 0., 2210., 348)
(0.8962256, -0.17420866, 0., 2026., 349)
(0.89519024, -0.15784623, 0., 2102., 350)
(0.8899072, -0.1409475, 0., 4551., 351)
(0.8843094, -0.12428162, 0., 1788., 352)
(0.8883288, -0.1090731, 0., 2277., 353)
(0.8990478, -0.09449377, 0., 1798., 354)
(0.89358664, -0.07817875, 0., 2042., 355)
(0.88084906, -0.06159501, 0., 3426., 356)
(0.8628159, -0.04521831, 0., 2081., 357)
(0.89945173, -0.03140959, 0., 2156., 358)
(0.92085975, -0.01607371, 0., 680., 359)
(0.904, 0., 0., 4688., 0)
(0.8988631, 0.01568971, 0., 940., 1)
(0.95142007, 0.03322432, 0., 2084., 2)
(0.8288625, 0.04343884, 0., 675., 3)
(0.92474186, 0.06466425, 0., 1938., 4)
(0.91450673, 0.08000897, 0., 2072., 5)
(0.90402037, 0.09501637, 0., 2293., 6)
(0.9061946, 0.11126671, 0., 2134., 7)
(0.9100564, 0.12790008, 0., 1907., 8)
(0.90669787, 0.14360684, 0., 2299., 9)
(0.9089775, 0.16027726, 0., 2171., 10)
(0.8774412, -0.30212727, 0., 1517., 341)
(0.8825804, -0.2867678, 0., 1981., 342)
(0.8893634, -0.27190572, 0., 2311., 343)
(0.8901283, -0.25524023, 0., 1932., 344)
(0.8915495, -0.23889, 0., 2001., 345)
(0.8984938, -0.22401972, 0., 1943., 346)
(0.9051898, -0.20897958, 0., 1973., 347)
(0.9038084, -0.19211045, 0., 2339., 348)
(0.9001521, -0.1749719, 0., 1992., 349)
(0.8853422, -0.15610975, 0., 2043., 350)
(0.8780549, -0.13907029, 0., 4339., 351)
(0.8654943, -0.12163734, 0., 1244., 352)
(0.87741077, -0.10773254, 0., 2165., 353)
(0.9000423, -0.0945983, 0., 2029., 354)
(0.89159423, -0.07800443, 0., 2045., 355)
(0.9017979, -0.0630599, 0., 4485., 356)
(0.8847858, -0.0463697, 0., 1891., 357)
(0.8934554, -0.03120019, 0., 2202., 358)
(0.91286093, -0.01593409, 0., 1996., 359)
(0.909, 0., 0., 2200., 0)
(0.9628533, 0.01680667, 0., 975., 1)
(0.8664718, 0.03025786, 0., 3871., 2)
(0.7779324, 0.04076971, 0., 551., 3)
(0.9257394, 0.064734, 0., 1877., 4)
(0.92446864, 0.08088052, 0., 2138., 5)
(0.9229163, 0.09700241, 0., 2027., 6)
(0.91016483, 0.11175419, 0., 2129., 7)
(0.9298617, 0.13068354, 0., 2086., 8)
(0.9313901, 0.1475177, 0., 2083., 9)
(0.9395066, 0.16566037, 0., 3819., 10)
(0.88878745, -0.30603412, 0., 1586., 341)
(0.89399314, -0.29047602, 0., 2025., 342)
(0.9027517, -0.27599892, 0., 2033., 343)
(0.8882058, -0.25468898, 0., 2231., 344)
(0.8944473, -0.23966648, 0., 2048., 345)
(0.89073145, -0.22208434, 0., 1972., 346)
(0.89154863, -0.20583026, 0., 1961., 347)
(0.88620174, -0.18836804, 0., 2106., 348)
(0.8913175, -0.17325461, 0., 2132., 349)
(0.9010991, -0.15888813, 0., 2221., 350)
(0.84052277, -0.13312577, 0., 4339., 351)
(0.85361105, -0.11996725, 0., 1178., 352)
(0.9220754, -0.11321667, 0., 2114., 353)
(0.85628337, -0.08999905, 0., 1994., 354)
(0.9294497, -0.08131635, 0., 2003., 355)
(0.9097784, -0.06361794, 0., 4058., 356)
(0.8897789, -0.04663138, 0., 1409., 357)
(0.90844625, -0.03172369, 0., 2234., 358)
(0.91386074, -0.01595154, 0., 1828., 359)
(0.932, 0., 0., 4398., 0)
(0.88286555, 0.01541048, 0., 638., 1)
(0.8904572, 0.03109545, 0., 2056., 2)
(0.79890364, 0.04186876, 0., 619., 3)
(0.92474186, 0.06466425, 0., 2240., 4)
(0.92546487, 0.08096769, 0., 2035., 5)
(0.92589986, 0.097316, 0., 2021., 6)
(0.9151275, 0.11236353, 0., 2160., 7)
(0.91698825, 0.12887429, 0., 2170., 8)
(0.92151326, 0.14595336, 0., 2125., 9)
(0.9237497, 0.162882, 0., 3123., 10)
(0.8727136, -0.30049944, 0., 1237., 341)
(0.87782514, -0.2852227, 0., 1903., 342)
(0.87310624, -0.2669354, 0., 1958., 343)
(0.87859315, -0.2519326, 0., 2201., 344)
(0.8751288, -0.2344901, 0., 2007., 345)
(0.8771473, -0.21869743, 0., 1842., 346)
(0.88765115, -0.20493045, 0., 2113., 347)
(0.89696133, -0.19065507, 0., 2146., 348)
(0.8893542, -0.17287299, 0., 2027., 349)
(0.8774637, -0.15472056, 0., 2127., 350)
(0.86719036, -0.1373495, 0., 4350., 351)
(0.85361105, -0.11996725, 0., 1562., 352)
(0.9052021, -0.11114489, 0., 2261., 353)
(0.8960642, -0.09418019, 0., 1880., 354)
(0.93443066, -0.08175214, 0., 2009., 355)
(0.85391486, -0.05971158, 0., 3458., 356)
(0.8708049, -0.045637, 0., 2053., 357)
(0.88745904, -0.0309908, 0., 2205., 358)
(0.9078617, -0.01584683, 0., 2078., 359)
(0.913, 0., 0., 4012., 0)
(0.90686184, 0.01582933, 0., 445., 1)
(0.9134432, 0.03189814, 0., 2149., 2)
(0.9227337, 0.04835843, 0., 611., 3)
(0.9257394, 0.064734, 0., 2092., 4)
(0.91351056, 0.07992181, 0., 2085., 5)
(0.907004, 0.09532996, 0., 2211., 6)
(0.91711265, 0.11260728, 0., 2222., 7)
(0.92491037, 0.12998767, 0., 2292., 8)
(0.9185502, 0.14548405, 0., 1887., 9)
(0.92079526, 0.16236104, 0., 4185., 10)
(0.89162403, -0.30701083, 0., 1441., 341)
(0.8968463, -0.29140308, 0., 1884., 342)
(0.88266927, -0.2698591, 0., 2053., 343)
(0.8824382, -0.25303513, 0., 2162., 344)
(0.8934814, -0.23940766, 0., 2136., 345)
(0.9033453, -0.22522932, 0., 2011., 346)
(0.89739484, -0.20717996, 0., 2132., 347)
(0.8989177, -0.1910709, 0., 2233., 348)
(0.8893542, -0.17287299, 0., 1995., 349)
(0.8902662, -0.156978, 0., 2137., 350)
(0.88595647, -0.14032176, 0., 4793., 351)
(0.8734165, -0.12275072, 0., 1592., 352)
(0.87939584, -0.10797628, 0., 2086., 353)
(0.88512444, -0.09303037, 0., 1948., 354)
(0.8886057, -0.07774296, 0., 2238., 355)
(0.8978076, -0.06278086, 0., 4287., 356)
(0.8927748, -0.04678839, 0., 1835., 357)
(0.9034493, -0.03154919, 0., 2122., 358)
(0.9248591, -0.01614352, 0., 1978., 359)
(0.922, 0., 0., 3986., 0)
(0.8158757, 0.01424116, 0., 418., 1)
(0.9224377, 0.03221224, 0., 2113., 2)
(0.7679461, 0.04024635, 0., 571., 3)
(0.91376865, 0.06389693, 0., 2076., 4)
(0.9174953, 0.08027044, 0., 2003., 5)
(0.9219218, 0.09689789, 0., 1970., 6)
(0.91711265, 0.11260728, 0., 2077., 7)
(0.915998, 0.12873513, 0., 1932., 8)
(0.9027471, 0.1429811, 0., 2091., 9)
(0.92867374, 0.16375023, 0., 4149., 10)
(0.8821688, -0.30375513, 0., 1510., 341)
(0.8873357, -0.2883129, 0., 2081., 342)
(0.89892644, -0.27482945, 0., 2053., 343)
(0.9007022, -0.25827223, 0., 2139., 344)
(0.9127999, -0.24458404, 0., 1904., 345)
(0.8955829, -0.22329395, 0., 1826., 346)
(0.9012923, -0.20807977, 0., 1978., 347)
(0.8998958, -0.1912788, 0., 2338., 348)
(0.90702355, -0.17630756, 0., 1995., 349)
(0.8922358, -0.1573253, 0., 2120., 350)
(0.87706727, -0.13891385, 0., 4676., 351)
(0.8595526, -0.12080229, 0., 1477., 352)
(0.892299, -0.10956058, 0., 2145., 353)
(0.90501493, -0.09512094, 0., 1951., 354)
(0.8856171, -0.0774815, 0., 1971., 355)
(0.8938174, -0.06250185, 0., 3707., 356)
(0.89377344, -0.04684072, 0., 1381., 357)
(0.89645356, -0.03130489, 0., 2217., 358)
(0.91486067, -0.015969, 0., 1997., 359)
(0.889, 0., 0., 1751., 0)
(0.9498553, 0.01657979, 0., 1288., 1)
(0.95441824, 0.03332902, 0., 4332., 2)
(0.8208735, 0.04302016, 0., 582., 3)
(0.9167614, 0.0641062, 0., 1881., 4)
(0.9174953, 0.08027044, 0., 2233., 5)
(0.9189383, 0.09658431, 0., 2148., 6)
(0.91711265, 0.11260728, 0., 2042., 7)
(0.9229298, 0.12970933, 0., 2074., 8)
(0.9304024, 0.14736126, 0., 2125., 9)
(0.94443065, 0.1665286, 0., 3610., 10)
(0.8755502, -0.30147615, 0., 1744., 341)
(0.8806783, -0.28614977, 0., 2020., 342)
(0.8884071, -0.27161336, 0., 2046., 343)
(0.88532203, -0.25386205, 0., 1877., 344)
(0.88768584, -0.23785475, 0., 2023., 345)
(0.8878206, -0.22135858, 0., 2013., 346)
(0.88959986, -0.20538035, 0., 1977., 347)
(0.8901143, -0.18919969, 0., 2254., 348)
(0.90702355, -0.17630756, 0., 2049., 349)
(0.911932, -0.16079825, 0., 2156., 350)
(0.84348583, -0.13359506, 0., 4460., 351)
(0.91005635, -0.12790012, 0., 1320., 352)
(0.90420955, -0.11102302, 0., 2114., 353)
(0.8980533, -0.09438924, 0., 2207., 354)
(0.89259046, -0.07809159, 0., 1972., 355)
(0.88683444, -0.06201355, 0., 4176., 356)
(0.8728022, -0.04574167, 0., 1913., 357)
(0.8944548, -0.03123509, 0., 2192., 358)
(0.9158605, -0.01598645, 0., 2316., 359)
(0.938, 0., 0., 3413., 0)
(0.9268588, 0.01617838, 0., 531., 1)
(0.9124438, 0.03186324, 0., 2347., 2)
(0.8358529, 0.0438052, 0., 595., 3)
(0.9287321, 0.06494328, 0., 2176., 4)
(0.9214801, 0.08061906, 0., 2142., 5)
(0.91396564, 0.09606166, 0., 1734., 6)
(0.90817976, 0.11151045, 0., 1982., 7)
(0.9060953, 0.12734339, 0., 2069., 8)
(0.9027471, 0.1429811, 0., 2046., 9)
(0.9690509, 0.17086981, 0., 4208., 10)
(0.8821688, -0.30375513, 0., 1436., 341)
(0.8873357, -0.2883129, 0., 1837., 342)
(0.8807567, -0.26927438, 0., 2034., 343)
(0.8843608, -0.2535864, 0., 2117., 344)
(0.8905836, -0.2386312, 0., 2048., 345)
(0.8984938, -0.22401972, 0., 1965., 346)
(0.8886255, -0.2051554, 0., 1954., 347)
(0.888158, -0.18878385, 0., 2077., 348)
(0.8893542, -0.17287299, 0., 2001., 349)
(0.8971599, -0.15819353, 0., 2098., 350)
(0.8879318, -0.14063463, 0., 4153., 351)
(0.8714359, -0.12247237, 0., 1814., 352)
(0.8843586, -0.10858563, 0., 2164., 353)
(0.89407516, -0.09397113, 0., 1877., 354)
(0.9015562, -0.07887599, 0., 2004., 355)
(0.84992456, -0.05943255, 0., 3776., 356)
(0.8698063, -0.04558466, 0., 1620., 357)
(0.8894578, -0.0310606, 0., 2138., 358)
(0.9038623, -0.01577702, 0., 2038., 359)
(0.897, 0., 0., 2792., 0)
(0.8998629, 0.01570717, 0., 981., 1)
(0.938428, 0.03277063, 0., 1988., 2)
(0.8738008, 0.04579396, 0., 1467., 3)
(0.9287321, 0.06494328, 0., 1067., 4)
(0.92446864, 0.08088052, 0., 2015., 5)
(0.9199328, 0.09668883, 0., 2169., 6)
(0.9290232, 0.1140697, 0., 1928., 7)
(0.92491037, 0.12998767, 0., 2043., 8)
(0.91558707, 0.14501475, 0., 2042., 9)
(0.91390157, 0.16114551, 0., 2046., 10)
(0.88500535, -0.30473182, 0., 1314., 341)
(0.8901889, -0.28923994, 0., 1936., 342)
(0.8788441, -0.26868963, 0., 2062., 343)
(0.8891671, -0.2549646, 0., 2064., 344)
(0.9012088, -0.24147822, 0., 1972., 345)
(0.88588, -0.22087473, 0., 2048., 346)
(0.89154863, -0.20583026, 0., 2063., 347)
(0.89793944, -0.19086297, 0., 2276., 348)
(0.90506023, -0.17592594, 0., 2213., 349)
(0.8971599, -0.15819353, 0., 2044., 350)
(0.8869441, -0.1404782, 0., 4628., 351)
(0.87539697, -0.12302906, 0., 1444., 352)
(0.88038844, -0.10809815, 0., 2036., 353)
(0.8990478, -0.09449377, 0., 2030., 354)
(0.8846209, -0.07739434, 0., 2019., 355)
(0.90080035, -0.06299014, 0., 4115., 356)
(0.8897789, -0.04663138, 0., 1511., 357)
(0.9014505, -0.03147939, 0., 2120., 358)
(0.92185956, -0.01609116, 0., 2362., 359)
(0.902, 0., 0., 4530., 0)
(0.9028625, 0.01575952, 0., 946., 1)
(0.89745295, 0.03133975, 0., 2361., 2)
(0.90975153, 0.04767806, 0., 737., 3)
(0.9187565, 0.06424572, 0., 1837., 4)
(0.9214801, 0.08061906, 0., 1935., 5)
(0.9348506, 0.09825675, 0., 1987., 6)
(0.91413504, 0.11224166, 0., 2125., 7)
(0.915998, 0.12873513, 0., 2132., 8)
(0.9185502, 0.14548405, 0., 1929., 9)
(0.9158712, 0.16149281, 0., 2194., 10)
(0.8708226, -0.29984832, 0., 1670., 341)
(0.87592304, -0.2846047, 0., 2005., 342)
(0.8884071, -0.27161336, 0., 2101., 343)
(0.8776319, -0.25165695, 0., 1915., 344)
(0.8828562, -0.23656064, 0., 1973., 345)
(0.89364237, -0.2228101, 0., 1798., 346)
(0.88959986, -0.20538035, 0., 2246., 347)
(0.89793944, -0.19086297, 0., 2247., 348)
(0.89229906, -0.17344542, 0., 2119., 349)
(0.88632697, -0.1562834, 0., 2101., 350)
(0.86817807, -0.13750593, 0., 4321., 351)
(0.86450404, -0.12149816, 0., 1565., 352)
(0.9320008, -0.11443536, 0., 2121., 353)
(0.9129711, -0.09595717, 0., 1786., 354)
(0.8876094, -0.07765581, 0., 2073., 355)
(0.88284415, -0.06173452, 0., 3766., 356)
(0.8728022, -0.04574167, 0., 1834., 357)
(0.88845843, -0.03102569, 0., 1912., 358)
(0.9018626, -0.01574211, 0., 844., 359)
(0.931, 0., 0., 4741., 0)
(0.859869, 0.01500907, 0., 948., 1)
(0.9244365, 0.03228204, 0., 2161., 2)
(0.805894, 0.04223511, 0., 727., 3)
(0.9167614, 0.0641062, 0., 1885., 4)
(0.91151816, 0.07974751, 0., 2090., 5)
(0.90600944, 0.09522543, 0., 1959., 6)
(0.9181052, 0.11272914, 0., 2081., 7)
(0.91302717, 0.1283176, 0., 1946., 8)
(0.90669787, 0.14360684, 0., 2085., 9)
(0.9079927, 0.16010362, 0., 1916., 10)
(0.8821688, -0.30375513, 0., 1667., 341)
(0.8873357, -0.2883129, 0., 1945., 342)
(0.8893634, -0.27190572, 0., 2136., 343)
(0.8930121, -0.25606716, 0., 2083., 344)
(0.8886518, -0.23811357, 0., 1969., 345)
(0.8917018, -0.22232626, 0., 1936., 346)
(0.90031797, -0.20785482, 0., 2136., 347)
(0.89304876, -0.18982342, 0., 2222., 348)
(0.90309703, -0.17554432, 0., 2065., 349)
(0.89125097, -0.15715164, 0., 2287., 350)
(0.88496876, -0.14016533, 0., 4320., 351)
(0.83479595, -0.11732297, 0., 1644., 352)
(0.9052021, -0.11114489, 0., 2107., 353)
(0.84832716, -0.08916282, 0., 1862., 354)
(0.91450673, -0.08000901, 0., 2043., 355)
(0.90080035, -0.06299014, 0., 3624., 356)
(0.8877817, -0.04652671, 0., 2057., 357)
(0.8934554, -0.03120019, 0., 2250., 358)
(0.9088615, -0.01586428, 0., 1664., 359)
(0.9, 0., 0., 4614., 0)
(0.8088768, 0.014119, 0., 847., 1)
(0.9224377, 0.03221224, 0., 2237., 2)
(0.74098307, 0.03883328, 0., 635., 3)
(0.8978076, 0.06278083, 0., 2130., 4)
(0.9075334, 0.07939889, 0., 2227., 5)
(0.91694915, 0.09637524, 0., 2259., 6)
(0.9220754, 0.11321662, 0., 2138., 7)
(0.9268909, 0.13026603, 0., 1834., 8)
(0.909661, 0.14407614, 0., 2073., 9)
(0.90602314, 0.15975632, 0., 2346., 10)
(0.8764957, -0.3018017, 0., 1085., 341)
(0.88162935, -0.2864588, 0., 2072., 342)
(0.87501884, -0.26752016, 0., 1948., 343)
(0.88532203, -0.25386205, 0., 2389., 344)
(0.8896177, -0.23837239, 0., 2041., 345)
(0.8965533, -0.22353588, 0., 1869., 346)
(0.90031797, -0.20785482, 0., 2148., 347)
(0.89500505, -0.19023925, 0., 2306., 348)
(0.9040786, -0.17573513, 0., 2114., 349)
(0.8892814, -0.15680435, 0., 1957., 350)
(0.87114114, -0.13797525, 0., 4336., 351)
(0.86450404, -0.12149816, 0., 1595., 352)
(0.9210828, -0.11309479, 0., 2081., 353)
(0.90501493, -0.09512094, 0., 2017., 354)
(0.8896019, -0.07783012, 0., 1986., 355)
(0.90279543, -0.06312965, 0., 3881., 356)
(0.8847858, -0.0463697, 0., 1955., 357)
(0.9024499, -0.03151429, 0., 2294., 358)
(0.9248591, -0.01614352, 0., 1588., 359)
(0.927, 0., 0., 2142., 0)
(0.8608689, 0.01502652, 0., 970., 1)
(0.93143225, 0.03252633, 0., 2190., 2)
(0.8718036, 0.04568929, 0., 1777., 3)
(0.9626493, 0.067315, 0., 885., 4)
(0.94439256, 0.08262365, 0., 2040., 5)
(0.92589986, 0.097316, 0., 2138., 6)
(0.91413504, 0.11224166, 0., 1974., 7)
(0.90708554, 0.12748256, 0., 2115., 8)
(0.9116363, 0.144389, 0., 2039., 9)
(0.91390157, 0.16114551, 0., 2077., 10)
(0.8746047, -0.3011506, 0., 1496., 341)
(0.8797273, -0.28584075, 0., 1863., 342)
(0.8893634, -0.27190572, 0., 2118., 343)
(0.8901283, -0.25524023, 0., 2144., 344)
(0.90314066, -0.24199586, 0., 2058., 345)
(0.89461267, -0.22305202, 0., 2028., 346)
(0.8964205, -0.20695502, 0., 2093., 347)
(0.9047865, -0.19231836, 0., 2265., 348)
(0.9001521, -0.1749719, 0., 2011., 349)
(0.89814466, -0.15836719, 0., 2197., 350)
(0.90077174, -0.14266828, 0., 4604., 351)
(0.8674748, -0.12191568, 0., 1575., 352)
(0.91214997, -0.11199798, 0., 2062., 353)
(0.84932166, -0.08926734, 0., 1944., 354)
(0.86768556, -0.07591269, 0., 2000., 355)
(0.8858369, -0.06194379, 0., 3844., 356)
(0.8688077, -0.04553232, 0., 1787., 357)
(0.9044487, -0.03158409, 0., 2117., 358)
(0.9018626, -0.01574211, 0., 1992., 359)
(0.91, 0., 0., 4230., 0)
(0.85187024, 0.01486945, 0., 950., 1)
(0.915442, 0.03196794, 0., 2134., 2)
(0.8009009, 0.04197343, 0., 858., 3)
(0.89880526, 0.06285059, 0., 1779., 4)
(0.9105219, 0.07966035, 0., 2172., 5)
(0.9219218, 0.09689789, 0., 1997., 6)
(0.91612005, 0.1124854, 0., 2018., 7)
(0.9100564, 0.12790008, 0., 2120., 8)
(0.9165748, 0.14517118, 0., 2159., 9)
(0.9010991, 0.15888809, 0., 2024., 10)
(0.88027775, -0.30310398, 0., 1666., 341)
(0.8854336, -0.28769487, 0., 2065., 342)
(0.903708, -0.2762913, 0., 2074., 343)
(0.8930121, -0.25606716, 0., 2064., 344)
(0.88478804, -0.2370783, 0., 1868., 345)
(0.8878206, -0.22135858, 0., 1945., 346)
(0.9042154, -0.20875461, 0., 2085., 347)
(0.8959832, -0.19044715, 0., 2153., 348)
(0.90309703, -0.17554432, 0., 2119., 349)
(0.89420545, -0.15767258, 0., 2094., 350)
(0.8889195, -0.14079106, 0., 4470., 351)
(0.87935805, -0.12358576, 0., 1489., 352)
(0.87939584, -0.10797628, 0., 2141., 353)
(0.90302587, -0.09491189, 0., 1851., 354)
(0.89159423, -0.07800443, 0., 1897., 355)
(0.8988052, -0.06285062, 0., 4295., 356)
(0.8987666, -0.0471024, 0., 1818., 357)
(0.9034493, -0.03154919, 0., 2145., 358)
(0.92185956, -0.01609116, 0., 722., 359)
(0.903, 0., 0., 4725., 0)
(0.8998629, 0.01570717, 0., 944., 1)
(0.9044487, 0.03158404, 0., 2077., 2)
(0.90775424, 0.04757338, 0., 768., 3)
(0.88384175, 0.06180423, 0., 1793., 4)
(0.9035486, 0.07905026, 0., 2016., 5)
(0.9079985, 0.09543449, 0., 2265., 6)
(0.9210828, 0.11309475, 0., 2116., 7)
(0.92491037, 0.12998767, 0., 2106., 8)
(0.9225009, 0.14610979, 0., 2070., 9)
(0.92571926, 0.16322929, 0., 2129., 10)
(0.9105344, -0.31352216, 0., 1600., 341)
(0.8635593, -0.28058746, 0., 1900., 342)
(0.8683247, -0.26547354, 0., 1992., 343)
(0.8920508, -0.25579152, 0., 1977., 344)
(0.8973451, -0.24044295, 0., 1926., 345)
(0.9043156, -0.22547124, 0., 1973., 346)
(0.89739484, -0.20717996, 0., 2039., 347)
(0.90967727, -0.19335791, 0., 2232., 348)
(0.9021154, -0.17535351, 0., 2125., 349)
(0.9079927, -0.16010366, 0., 2199., 350)
(0.8997841, -0.14251184, 0., 4728., 351)
(0.8862899, -0.12455996, 0., 1375., 352)
(0.88733625, -0.10895123, 0., 2244., 353)
(0.9079985, -0.09543453, 0., 1876., 354)
(0.8896019, -0.07783012, 0., 2061., 355)
(0.9077833, -0.06347844, 0., 4243., 356)
(0.9047584, -0.04741642, 0., 2073., 357)
(0.88745904, -0.0309908, 0., 2150., 358)
(0.90686184, -0.01582938, 0., 1500., 359)
