('x','y','z','intensity','index')
(0.787, 0., 0., 3933., 0)
(0.7428868, 0.01296714, 0., 2095., 1)
(0.75953704, 0.02652362, 0., 2492., 2)
(0.6910516, 0.03621648, 0., 5756., 3)
(0.70328265, 0.04917831, 0., 920., 4)
(0.73120695, 0.06397232, 0., 2581., 5)
(0.7538476, 0.07923257, 0., 5347., 6)
(0.7602903, 0.09335192, 0., 569., 7)
(0.7634967, 0.10730246, 0., 2552., 8)
(0.76545846, 0.1212367, 0., 2494., 9)
(0.758302, 0.13370909, 0., 2713., 10)
(0.76665086, 0.14902183, 0., 2843., 11)
(0.76882404, 0.16341859, 0., 2709., 12)
(0.7678036, 0.17726143, 0., 2540., 13)
(0.75683063, 0.18869907, 0., 2747., 14)
(0.7485925, 0.20058475, 0., 1488., 15)
(0.76179624, -0.24752265, 0., 2618., 342)
(0.7660001, -0.23418976, 0., 2853., 343)
(0.7526679, -0.21582408, 0., 2499., 344)
(0.7524562, -0.20162007, 0., 2511., 345)
(0.76071185, -0.1896668, 0., 2603., 346)
(0.7531881, -0.17388721, 0., 2807., 347)
(0.76197696, -0.16196324, 0., 2540., 348)
(0.7617427, -0.14806782, 0., 2508., 349)
(0.7642108, -0.13475102, 0., 2626., 350)
(0.7634831, -0.12092388, 0., 2718., 351)
(0.7605259, -0.10688498, 0., 2470., 352)
(0.75830525, -0.09310821, 0., 2829., 353)
(0.7170503, -0.07536506, 0., 2258., 354)
(0.7591004, -0.06641272, 0., 2930., 355)
(0.817005, -0.05713059, 0., 3894., 356)
(0.73898584, -0.03872864, 0., 1836., 357)
(0.74954313, -0.02617466, 0., 2734., 358)
(0.75988424, -0.01326387, 0., 1206., 359)
(0.739, 0., 0., 2788., 0)
(0.7478861, 0.0130544, 0., 3144., 1)
(0.8384889, 0.02928068, 0., 765., 2)
(0.7599571, 0.03982766, 0., 2622., 3)
(0.64243126, 0.04492317, 0., 1125., 4)
(0.7302107, 0.06388516, 0., 1285., 5)
(0.796612, 0.0837273, 0., 2888., 6)
(0.69577485, 0.08543041, 0., 588., 7)
(0.7783507, 0.10939006, 0., 2632., 8)
(0.78224915, 0.12389609, 0., 2579., 9)
(0.7858766, 0.13857125, 0., 2474., 10)
(0.7705774, 0.14978507, 0., 2966., 11)
(0.78154, 0.16612144, 0., 2820., 12)
(0.78047043, 0.1801858, 0., 2818., 13)
(0.7762366, 0.19353752, 0., 2972., 14)
(0.76018363, 0.20369059, 0., 5147., 15)
(0.75418776, -0.2450505, 0., 2816., 342)
(0.75834966, -0.23185079, 0., 2698., 343)
(0.7488228, -0.21472153, 0., 2365., 344)
(0.7582518, -0.203173, 0., 2600., 345)
(0.76265246, -0.19015065, 0., 2603., 346)
(0.76877797, -0.17748642, 0., 2758., 347)
(0.7658896, -0.16279489, 0., 2724., 348)
(0.7676325, -0.14921267, 0., 2469., 349)
(0.758302, -0.13370913, 0., 2861., 350)
(0.76447076, -0.12108031, 0., 2730., 351)
(0.76646745, -0.10772002, 0., 2613., 352)
(0.7602903, -0.09335195, 0., 2537., 353)
(0.75185853, -0.07902355, 0., 2026., 354)
(0.74116886, -0.06484391, 0., 2532., 355)
(0.75814867, -0.05301496, 0., 3235., 356)
(0.77493656, -0.04061274, 0., 1833., 357)
(0.7635346, -0.02666325, 0., 2370., 358)
(0.7818809, -0.01364782, 0., 2411., 359)
(0.76, 0., 0., 2609., 0)
(0.6459016, 0.01127425, 0., 5479., 1)
(0.7315541, 0.02554643, 0., 1702., 2)
(0.789916, 0.04139774, 0., 3092., 3)
(0.7900707, 0.05524713, 0., 3619., 4)
(0.7899824, 0.0691145, 0., 446., 5)
(0.77970517, 0.08195031, 0., 2545., 6)
(0.68882704, 0.08457732, 0., 798., 7)
(0.72784704, 0.10229223, 0., 1016., 8)
(0.7634831, 0.12092384, 0., 2496., 9)
(0.7612564, 0.13423005, 0., 2640., 10)
(0.7587978, 0.14749536, 0., 2737., 11)
(0.76784587, 0.16321068, 0., 2648., 12)
(0.7697524, 0.17771134, 0., 2666., 13)
(0.7655633, 0.19087636, 0., 2543., 14)
(0.7640473, 0.20472586, 0., 2704., 15)
(0.78367054, -0.25463003, 0., 2868., 342)
(0.74783033, -0.22863472, 0., 2420., 343)
(0.7449778, -0.21361898, 0., 2394., 344)
(0.741831, -0.19877306, 0., 2473., 345)
(0.75003856, -0.18700565, 0., 2885., 346)
(0.7483162, -0.17276245, 0., 2685., 347)
(0.7482829, -0.15905248, 0., 2378., 348)
(0.7597794, -0.1476862, 0., 2615., 349)
(0.7573171, -0.13353549, 0., 2735., 350)
(0.76052, -0.12045457, 0., 2780., 351)
(0.7585453, -0.10660663, 0., 2886., 352)
(0.763268, -0.09371756, 0., 2694., 353)
(0.71506125, -0.075156, 0., 2181., 354)
(0.76408136, -0.06684849, 0., 2907., 355)
(0.7631365, -0.05336374, 0., 3476., 356)
(0.76195437, -0.03993237, 0., 1777., 357)
(0.74554557, -0.02603506, 0., 2571., 358)
(0.75688475, -0.01321151, 0., 1157., 359)
(0.752, 0., 0., 2336., 0)
(0.76488346, 0.01335109, 0., 3883., 1)
(0.7725291, 0.02697731, 0., 837., 2)
(0.77293926, 0.04050803, 0., 2417., 3)
(0.76712674, 0.05364273, 0., 1562., 4)
(0.7511308, 0.06571543, 0., 781., 5)
(0.76180375, 0.0800688, 0., 2507., 6)
(0.7076854, 0.08689284, 0., 611., 7)
(0.7753799, 0.10897253, 0., 2084., 8)
(0.77434766, 0.12264462, 0., 2887., 9)
(0.7740589, 0.13648747, 0., 2563., 10)
(0.7695957, 0.14959425, 0., 3046., 11)
(0.7737148, 0.16445814, 0., 2708., 12)
(0.7658549, 0.17681153, 0., 2608., 13)
(0.80922663, 0.20176286, 0., 2878., 14)
(0.8026843, 0.21507862, 0., 3045., 15)
(0.757992, -0.24628657, 0., 2720., 342)
(0.76217484, -0.23302028, 0., 2546., 343)
(0.7497841, -0.21499716, 0., 2506., 344)
(0.7543881, -0.20213771, 0., 2685., 345)
(0.7519792, -0.1874895, 0., 2560., 346)
(0.7580599, -0.17501195, 0., 2639., 347)
(0.76197696, -0.16196324, 0., 2580., 348)
(0.760761, -0.14787701, 0., 2614., 349)
(0.74943864, -0.1321463, 0., 2840., 350)
(0.7634831, -0.12092388, 0., 2800., 351)
(0.7585453, -0.10660663, 0., 2610., 352)
(0.7533425, -0.09249887, 0., 2365., 353)
(0.7419133, -0.07797827, 0., 1706., 354)
(0.7341955, -0.06423382, 0., 2748., 355)
(0.79106826, -0.05531692, 0., 3105., 356)
(0.7329941, -0.03841463, 0., 1950., 357)
(0.74854374, -0.02613976, 0., 2509., 358)
(0.76388365, -0.01333368, 0., 1700., 359)
(0.75, 0., 0., 2606., 0)
(0.7498858, 0.0130893, 0., 2949., 1)
(0.81350416, 0.02840819, 0., 769., 2)
(0.7539653, 0.03951365, 0., 2380., 3)
(0.69629973, 0.04869002, 0., 1087., 4)
(0.7541194, 0.0659769, 0., 1485., 5)
(0.7627983, 0.08017334, 0., 3099., 6)
(0.77120835, 0.09469248, 0., 581., 7)
(0.7506232, 0.10549321, 0., 2388., 8)
(0.7664462, 0.12139314, 0., 2635., 9)
(0.76716524, 0.13527192, 0., 2739., 10)
(0.76861405, 0.14940344, 0., 2644., 11)
(0.7786055, 0.1654977, 0., 2764., 12)
(0.7775473, 0.17951094, 0., 2736., 13)
(0.77817714, 0.19402136, 0., 2633., 14)
(0.81620735, 0.2187021, 0., 5090., 15)
(0.7608452, -0.24721363, 0., 2691., 342)
(0.7650438, -0.2338974, 0., 2867., 343)
(0.7526679, -0.21582408, 0., 2872., 344)
(0.76018363, -0.20369062, 0., 2952., 345)
(0.7529495, -0.18773143, 0., 2506., 346)
(0.75026494, -0.17321235, 0., 2549., 347)
(0.75317365, -0.16009203, 0., 2745., 348)
(0.7509448, -0.14596891, 0., 2579., 349)
(0.7592868, -0.13388279, 0., 2865., 350)
(0.7624954, -0.12076744, 0., 2782., 351)
(0.74963295, -0.10535408, 0., 2882., 352)
(0.75036484, -0.09213325, 0., 2365., 353)
(0.7021324, -0.07379713, 0., 2174., 354)
(0.76208895, -0.06667418, 0., 2750., 355)
(0.76413405, -0.05343349, 0., 3459., 356)
(0.7669475, -0.04019405, 0., 1944., 357)
(0.7555394, -0.02638406, 0., 2406., 358)
(0.76488346, -0.01335113, 0., 2800., 359)
(0.761, 0., 0., 2544., 0)
(0.69289446, 0.01209452, 0., 5349., 1)
(0.74254733, 0.02593032, 0., 1625., 2)
(0.7489722, 0.03925197, 0., 2413., 3)
(0.7561536, 0.05287541, 0., 2708., 4)
(0.8039291, 0.07033468, 0., 451., 5)
(0.7856723, 0.08257749, 0., 2531., 6)
(0.6779091, 0.08323676, 0., 651., 7)
(0.74666214, 0.10493652, 0., 1268., 8)
(0.757557, 0.11998524, 0., 2509., 9)
(0.7691349, 0.13561922, 0., 2822., 10)
(0.7754855, 0.1507391, 0., 2705., 11)
(0.77175844, 0.16404232, 0., 2735., 12)
(0.7843679, 0.1810856, 0., 2553., 13)
(0.78205836, 0.19498904, 0., 2849., 14)
(0.7775703, 0.20834933, 0., 2726., 15)
(0.7465794, -0.24257839, 0., 2998., 342)
(0.7506992, -0.22951183, 0., 3098., 343)
(0.7449778, -0.21361898, 0., 2488., 344)
(0.74279696, -0.19903187, 0., 2745., 345)
(0.7519792, -0.1874895, 0., 2755., 346)
(0.76098305, -0.1756868, 0., 2619., 347)
(0.7639333, -0.16237907, 0., 2428., 348)
(0.76861405, -0.14940348, 0., 2597., 349)
(0.7602716, -0.13405643, 0., 2862., 350)
(0.76150775, -0.12061101, 0., 2904., 351)
(0.7634967, -0.1073025, 0., 2515., 352)
(0.7483798, -0.09188952, 0., 2662., 353)
(0.7110831, -0.07473788, 0., 2114., 354)
(0.7670699, -0.06710996, 0., 2419., 355)
(0.77111703, -0.05392179, 0., 3394., 356)
(0.7180146, -0.03762959, 0., 1878., 357)
(0.72855586, -0.02544177, 0., 2427., 358)
(0.7388875, -0.01289736, 0., 1255., 359)
(0.761, 0., 0., 2710., 0)
(0.77452785, 0.02704711, 0., 969., 2)
(0.7649502, 0.04008934, 0., 2426., 3)
(0.75515604, 0.05280565, 0., 2191., 4)
(0.83082634, 0.07268789, 0., 611., 5)
(0.76777095, 0.08069597, 0., 2672., 6)
(0.6193488, 0.07604647, 0., 608., 7)
(0.7506232, 0.10549321, 0., 1715., 8)
(0.76052, 0.12045453, 0., 2573., 9)
(0.77110445, 0.13596652, 0., 2763., 10)
(0.7676325, 0.14921263, 0., 2972., 11)
(0.7737148, 0.16445814, 0., 2812., 12)
(0.77072674, 0.17793629, 0., 2798., 13)
(0.774296, 0.19305366, 0., 2639., 14)
(0.7756384, 0.20783168, 0., 2620., 15)
(0.7608452, -0.24721363, 0., 2570., 342)
(0.7650438, -0.2338974, 0., 2676., 343)
(0.7440165, -0.21334335, 0., 2572., 344)
(0.73989916, -0.19825542, 0., 2744., 345)
(0.7461574, -0.18603797, 0., 2830., 346)
(0.73662376, -0.17006303, 0., 2296., 347)
(0.7345888, -0.15614171, 0., 2522., 348)
(0.75192636, -0.14615972, 0., 2775., 349)
(0.7523931, -0.13266724, 0., 2845., 350)
(0.7486678, -0.11857736, 0., 2834., 351)
(0.7347789, -0.10326647, 0., 2554., 352)
(0.7434171, -0.09128018, 0., 2780., 353)
(0.7498695, -0.0788145, 0., 2103., 354)
(0.742165, -0.06493106, 0., 2576., 355)
(0.817005, -0.05713059, 0., 3578., 356)
(0.71302146, -0.03736791, 0., 1948., 357)
(0.76853156, -0.02683775, 0., 2506., 358)
(0.76488346, -0.01335113, 0., 2309., 359)
(0.798, 0., 0., 2658., 0)
(0.70989186, 0.01239121, 0., 5641., 1)
(0.72455835, 0.02530214, 0., 1799., 2)
(0.7799297, 0.04087438, 0., 2788., 3)
(0.7820902, 0.05468907, 0., 5402., 4)
(0.7172602, 0.06275214, 0., 968., 5)
(0.76975995, 0.08090503, 0., 2625., 6)
(0.70470774, 0.08652723, 0., 2209., 7)
(0.80706847, 0.11342607, 0., 382., 8)
(0.7881753, 0.1248347, 0., 2734., 9)
(0.77011967, 0.13579288, 0., 3045., 10)
(0.7705774, 0.14978507, 0., 2599., 11)
(0.7521955, 0.15988408, 0., 2565., 12)
(0.75416243, 0.17411211, 0., 2723., 13)
(0.76071185, 0.18966676, 0., 2645., 14)
(0.7514903, 0.20136121, 0., 2769., 15)
(0.78937685, -0.25648415, 0., 2785., 342)
(0.7487866, -0.22892708, 0., 2576., 343)
(0.75170666, -0.21554846, 0., 2820., 344)
(0.7543881, -0.20213771, 0., 2641., 345)
(0.75877124, -0.18918295, 0., 3039., 346)
(0.7531881, -0.17388721, 0., 2741., 347)
(0.7668677, -0.1630028, 0., 2555., 348)
(0.76272434, -0.14825863, 0., 2654., 349)
(0.7602716, -0.13405643, 0., 2943., 350)
(0.7674338, -0.12154961, 0., 2585., 351)
(0.7674577, -0.10785919, 0., 2627., 352)
(0.7692232, -0.09444878, 0., 2603., 353)
(0.7160558, -0.07526053, 0., 1999., 354)
(0.75810415, -0.06632555, 0., 2595., 355)
(0.75515604, -0.05280569, 0., 3236., 356)
(0.7529667, -0.03946135, 0., 1843., 357)
(0.7375504, -0.02575586, 0., 2422., 358)
(0.7478861, -0.01305444, 0., 2442., 359)
(0.784, 0., 0., 2764., 0)
(0.7695309, 0.02687261, 0., 799., 2)
(0.7649502, 0.04008934, 0., 2334., 3)
(0.76114136, 0.05322419, 0., 1938., 4)
(0.74316126, 0.06501818, 0., 619., 5)
(0.7558366, 0.07944163, 0., 2548., 6)
(0.699745, 0.08591788, 0., 618., 7)
(0.76448697, 0.10744163, 0., 1934., 8)
(0.7694092, 0.12186244, 0., 2329., 9)
(0.7750437, 0.13666111, 0., 2623., 10)
(0.77254057, 0.15016668, 0., 3033., 11)
(0.78056175, 0.16591352, 0., 2746., 12)
(0.77657294, 0.17928599, 0., 2825., 13)
(0.77138513, 0.19232792, 0., 2479., 14)
(0.77177477, 0.20679642, 0., 2952., 15)
(0.7598942, -0.24690463, 0., 2601., 342)
(0.7640875, -0.23360504, 0., 2724., 343)
(0.7613192, -0.21830481, 0., 2715., 344)
(0.7659792, -0.20524353, 0., 2572., 345)
(0.7636227, -0.19039257, 0., 2638., 346)
(0.7522137, -0.17366225, 0., 2687., 347)
(0.7463266, -0.15863666, 0., 2346., 348)
(0.7509448, -0.14596891, 0., 2578., 349)
(0.75140834, -0.1324936, 0., 2790., 350)
(0.76052, -0.12045457, 0., 2704., 351)
(0.7545843, -0.10604994, 0., 2557., 352)
(0.75235, -0.092377, 0., 2659., 353)
(0.7548421, -0.07933714, 0., 2053., 354)
(0.75312316, -0.06588978, 0., 2832., 355)
(0.76513165, -0.05350325, 0., 3446., 356)
(0.7190133, -0.03768193, 0., 1981., 357)
(0.78152364, -0.02729145, 0., 2649., 358)
(0.75888443, -0.01324641, 0., 2850., 359)
(0.766, 0., 0., 2574., 0)
(0.62790436, 0.01096011, 0., 5133., 1)
(0.7095675, 0.02477864, 0., 1721., 2)
(0.7839242, 0.04108373, 0., 2827., 3)
(0.6943046, 0.04855051, 0., 4086., 4)
(0.85075027, 0.074431, 0., 496., 5)
(0.7727435, 0.08121862, 0., 2556., 6)
(0.7672382, 0.094205, 0., 853., 7)
(0.76151615, 0.10702411, 0., 964., 8)
(0.76447076, 0.12108027, 0., 2779., 9)
(0.76815003, 0.13544558, 0., 2700., 10)
(0.76566917, 0.14883101, 0., 2397., 11)
(0.76197696, 0.16196321, 0., 2763., 12)
(0.76000863, 0.17546181, 0., 2905., 13)
(0.7665337, 0.1911183, 0., 2872., 14)
(0.77177477, 0.20679642, 0., 2703., 15)
(0.75418776, -0.2450505, 0., 2902., 342)
(0.75834966, -0.23185079, 0., 2658., 343)
(0.75362915, -0.21609971, 0., 2735., 344)
(0.7592177, -0.20343181, 0., 2549., 345)
(0.7558603, -0.18845719, 0., 2288., 346)
(0.7483162, -0.17276245, 0., 2644., 347)
(0.7521955, -0.15988412, 0., 2555., 348)
(0.76665086, -0.14902186, 0., 2659., 349)
(0.76716524, -0.13527197, 0., 3070., 350)
(0.76052, -0.12045457, 0., 2546., 351)
(0.7526037, -0.10577159, 0., 2554., 352)
(0.75135744, -0.09225513, 0., 2967., 353)
(0.76876545, -0.08080054, 0., 1938., 354)
(0.75810415, -0.06632555, 0., 2595., 355)
(0.76712674, -0.05364276, 0., 3475., 356)
(0.7519681, -0.03940901, 0., 1895., 357)
(0.7385498, -0.02579076, 0., 2545., 358)
(0.73188853, -0.0127752, 0., 2167., 359)
(0.753, 0., 0., 2537., 0)
(0.6848957, 0.0119549, 0., 5769., 1)
(0.7665328, 0.02676792, 0., 1781., 2)
(0.77293926, 0.04050803, 0., 2778., 3)
(0.6604771, 0.05778426, 0., 793., 5)
(0.78169423, 0.08215937, 0., 2650., 6)
(0.7315065, 0.0898177, 0., 1256., 7)
(0.7714188, 0.10841584, 0., 688., 8)
(0.7703969, 0.12201887, 0., 2778., 9)
(0.7691349, 0.13561922, 0., 2592., 10)
(0.77254057, 0.15016668, 0., 2427., 11)
(0.7844744, 0.16674517, 0., 2781., 12)
(0.7785217, 0.1797359, 0., 2793., 13)
(0.7733257, 0.19281174, 0., 2938., 14)
(0.7737066, 0.20731406, 0., 2625., 15)
(0.75038356, -0.24381444, 0., 2523., 342)
(0.7545244, -0.2306813, 0., 2668., 343)
(0.7632418, -0.21885611, 0., 2367., 344)
(0.7621154, -0.20420825, 0., 2609., 345)
(0.75003856, -0.18700565, 0., 2881., 346)
(0.7522137, -0.17366225, 0., 2608., 347)
(0.7580644, -0.16113159, 0., 2721., 348)
(0.74996316, -0.1457781, 0., 2553., 349)
(0.7612564, -0.13423008, 0., 2842., 350)
(0.757557, -0.11998527, 0., 2596., 351)
(0.7486426, -0.10521489, 0., 2566., 352)
(0.75433505, -0.09262074, 0., 2575., 353)
(0.70611054, -0.07421524, 0., 1957., 354)
(0.7561118, -0.06615125, 0., 2568., 355)
(0.7561536, -0.05287544, 0., 3160., 356)
(0.7569612, -0.03967069, 0., 1888., 357)
(0.741548, -0.02589546, 0., 2504., 358)
(0.7398873, -0.01291482, 0., 2214., 359)
(0.784, 0., 0., 2422., 0)
(0.67589706, 0.01179783, 0., 6029., 1)
(0.7375504, 0.02575583, 0., 1819., 2)
(0.778931, 0.04082204, 0., 2775., 3)
(0.6583923, 0.04603928, 0., 5501., 4)
(0.6674505, 0.05839435, 0., 967., 5)
(0.7657818, 0.08048692, 0., 2682., 6)
(0.74540216, 0.09152388, 0., 2506., 7)
(0.7248762, 0.10187471, 0., 367., 8)
(0.79212606, 0.12546043, 0., 2477., 9)
(0.7770133, 0.13700841, 0., 2638., 10)
(0.7617427, 0.14806779, 0., 2771., 11)
(0.7570862, 0.16092364, 0., 2453., 12)
(0.75416243, 0.17411211, 0., 2872., 13)
(0.76362276, 0.19039252, 0., 2675., 14)
(0.77660435, 0.20809051, 0., 2882., 15)
(0.75418776, -0.2450505, 0., 2736., 342)
(0.75834966, -0.23185079, 0., 2579., 343)
(0.75651294, -0.21692663, 0., 2710., 344)
(0.7621154, -0.20420825, 0., 2580., 345)
(0.7519792, -0.1874895, 0., 2496., 346)
(0.7483162, -0.17276245, 0., 2722., 347)
(0.75512993, -0.16050786, 0., 2442., 348)
(0.7637059, -0.14844944, 0., 2592., 349)
(0.76716524, -0.13527197, 0., 2779., 350)
(0.7694092, -0.12186249, 0., 2762., 351)
(0.7724091, -0.10855505, 0., 2846., 352)
(0.76426053, -0.09383943, 0., 2729., 353)
(0.7120777, -0.07484242, 0., 2288., 354)
(0.76507753, -0.06693565, 0., 2698., 355)
(0.76513165, -0.05350325, 0., 3188., 356)
(0.7649502, -0.04008938, 0., 1878., 357)
(0.74954313, -0.02617466, 0., 2420., 358)
(0.76488346, -0.01335113, 0., 2218., 359)
(0.788, 0., 0., 2625., 0)
(0.73288834, 0.01279261, 0., 5680., 1)
(0.74754435, 0.02610482, 0., 1706., 2)
(0.76195437, 0.03993234, 0., 2819., 3)
(0.6623825, 0.0463183, 0., 3993., 4)
(0.7730471, 0.06763286, 0., 495., 5)
(0.7627983, 0.08017334, 0., 2619., 6)
(0.7533425, 0.09249883, 0., 855., 7)
(0.7565648, 0.10632825, 0., 958., 8)
(0.76447076, 0.12108027, 0., 3166., 9)
(0.7770133, 0.13700841, 0., 2691., 10)
(0.77254057, 0.15016668, 0., 2623., 11)
(0.7707803, 0.16383441, 0., 2834., 12)
(0.7639061, 0.17636162, 0., 2897., 13)
(0.7665337, 0.1911183, 0., 3557., 14)
(0.7669451, 0.20550233, 0., 2682., 15)
(0.75418776, -0.2450505, 0., 2657., 342)
(0.75834966, -0.23185079, 0., 2666., 343)
(0.75362915, -0.21609971, 0., 2617., 344)
(0.7543881, -0.20213771, 0., 2579., 345)
(0.7519792, -0.1874895, 0., 2762., 346)
(0.75026494, -0.17321235, 0., 2815., 347)
(0.75904256, -0.1613395, 0., 2632., 348)
(0.76272434, -0.14825863, 0., 2827., 349)
(0.7651956, -0.13492467, 0., 2802., 350)
(0.7723723, -0.12233179, 0., 2616., 351)
(0.76250637, -0.10716332, 0., 2549., 352)
(0.76227546, -0.09359569, 0., 2820., 353)
(0.7528531, -0.07912809, 0., 2130., 354)
(0.742165, -0.06493106, 0., 2658., 355)
(0.7521633, -0.05259642, 0., 3379., 356)
(0.7419817, -0.03888565, 0., 1848., 357)
(0.77053034, -0.02690755, 0., 2508., 358)
(0.7768817, -0.01356056, 0., 2327., 359)
(0.771, 0., 0., 2705., 0)
(0.7398873, 0.01291478, 0., 5344., 1)
(0.73455226, 0.02565113, 0., 1381., 2)
(0.78192693, 0.04097905, 0., 2650., 3)
(0.78508294, 0.05489834, 0., 2646., 4)
(0.78799003, 0.06894019, 0., 433., 5)
(0.78069973, 0.08205485, 0., 2550., 6)
(0.70073754, 0.08603975, 0., 650., 7)
(0.74270105, 0.10437983, 0., 1416., 8)
(0.75656927, 0.1198288, 0., 2631., 9)
(0.7760285, 0.13683476, 0., 2971., 10)
(0.77941203, 0.15150234, 0., 2733., 11)
(0.7844744, 0.16674517, 0., 2974., 12)
(0.78047043, 0.1801858, 0., 2508., 13)
(0.77138513, 0.19232792, 0., 2870., 14)
(0.7756384, 0.20783168, 0., 2625., 15)
(0.7589431, -0.24659559, 0., 2652., 342)
(0.76313114, -0.23331265, 0., 2722., 343)
(0.75651294, -0.21692663, 0., 2499., 344)
(0.7592177, -0.20343181, 0., 2447., 345)
(0.75683063, -0.18869911, 0., 2509., 346)
(0.76000863, -0.17546186, 0., 2523., 347)
(0.7570862, -0.16092367, 0., 2529., 348)
(0.76468754, -0.14864025, 0., 2628., 349)
(0.75534755, -0.13318819, 0., 2716., 350)
(0.7565692, -0.11982884, 0., 2780., 351)
(0.7506232, -0.10549325, 0., 2582., 352)
(0.75433505, -0.09262074, 0., 2633., 353)
(0.726001, -0.07630581, 0., 2025., 354)
(0.77205086, -0.06754573, 0., 2470., 355)
(0.76712674, -0.05364276, 0., 3497., 356)
(0.762953, -0.03998471, 0., 1825., 357)
(0.7525413, -0.02627936, 0., 2429., 358)
(0.75888443, -0.01324641, 0., 2273., 359)
(0.754, 0., 0., 2685., 0)
(0.8428716, 0.01471238, 0., 4199., 1)
(0.75653887, 0.02641892, 0., 804., 2)
(0.7639516, 0.04003701, 0., 2313., 3)
(0.6943046, 0.04855051, 0., 1715., 4)
(0.80592155, 0.07050899, 0., 720., 5)
(0.79860103, 0.08393636, 0., 3025., 6)
(0.7753799, 0.10897253, 0., 2123., 8)
(0.7674338, 0.12154958, 0., 2731., 9)
(0.7602716, 0.13405639, 0., 2987., 10)
(0.76861405, 0.14940344, 0., 3108., 11)
(0.7746929, 0.16466606, 0., 2698., 12)
(0.7590343, 0.17523687, 0., 2791., 13)
(0.76265246, 0.19015062, 0., 2694., 14)
(0.7669451, 0.20550233, 0., 2576., 15)
(0.7656005, -0.24875872, 0., 2724., 342)
(0.76982534, -0.23535927, 0., 2731., 343)
(0.75362915, -0.21609971, 0., 2629., 344)
(0.7563199, -0.20265535, 0., 2525., 345)
(0.76071185, -0.1896668, 0., 2889., 346)
(0.7531881, -0.17388721, 0., 2546., 347)
(0.7502392, -0.15946831, 0., 2507., 348)
(0.75683457, -0.14711377, 0., 2531., 349)
(0.7454995, -0.13145171, 0., 2853., 350)
(0.7585446, -0.12014171, 0., 2714., 351)
(0.76151615, -0.10702415, 0., 2996., 352)
(0.7722009, -0.09481438, 0., 2601., 353)
(0.7100886, -0.07463335, 0., 2271., 354)
(0.7630851, -0.06676133, 0., 2705., 355)
(0.7701195, -0.05385204, 0., 3738., 356)
(0.7779324, -0.04076975, 0., 1875., 357)
(0.7635346, -0.02666325, 0., 2550., 358)
(0.7708826, -0.01345584, 0., 2098., 359)
(0.777, 0., 0., 2686., 0)
(0.73788756, 0.01287988, 0., 2423., 1)
(0.7275565, 0.02540683, 0., 1261., 2)
(0.7699434, 0.04035102, 0., 2558., 3)
(0.6434288, 0.04499292, 0., 1042., 4)
(0.7909786, 0.06920166, 0., 2159., 5)
(0.80456823, 0.08456353, 0., 3844., 6)
(0.74937236, 0.09201135, 0., 565., 7)
(0.76448697, 0.10744163, 0., 2703., 8)
(0.7802738, 0.12358323, 0., 2848., 9)
(0.77898294, 0.13735572, 0., 3066., 10)
(0.7705774, 0.14978507, 0., 2358., 11)
(0.7707803, 0.16383441, 0., 2949., 12)
(0.7717011, 0.17816123, 0., 2737., 13)
(0.7723554, 0.19256982, 0., 2845., 14)
(0.81427544, 0.21818446, 0., 4964., 15)
(0.74848145, -0.24319641, 0., 2444., 342)
(0.7526118, -0.23009656, 0., 3104., 343)
(0.7430553, -0.21306771, 0., 2808., 344)
(0.7447288, -0.19954953, 0., 2783., 345)
(0.73839504, -0.1841026, 0., 2450., 346)
(0.7453931, -0.1720876, 0., 2759., 347)
(0.7561081, -0.16071577, 0., 2601., 348)
(0.7617427, -0.14806782, 0., 2443., 349)
(0.7612564, -0.13423008, 0., 3090., 350)
(0.7703969, -0.12201892, 0., 2811., 351)
(0.7743896, -0.1088334, 0., 2664., 352)
(0.76227546, -0.09359569, 0., 2377., 353)
(0.7120777, -0.07484242, 0., 1933., 354)
(0.76408136, -0.06684849, 0., 2508., 355)
(0.7601438, -0.05315447, 0., 3448., 356)
(0.7569612, -0.03967069, 0., 1739., 357)
(0.7465449, -0.02606996, 0., 2636., 358)
(0.7488859, -0.01307189, 0., 1822., 359)
(0.75882024, 0.07975522, 0., 2520., 6)
(0.8099176, 0.09944538, 0., 1565., 7)
(0.8179614, 0.11495697, 0., 605., 8)
(0.76052, 0.12045453, 0., 2299., 9)
(0.7612564, 0.13423005, 0., 2648., 10)
(0.76272434, 0.1482586, 0., 2719., 11)
(0.76882404, 0.16341859, 0., 2813., 12)
(0.78241915, 0.18063569, 0., 2682., 13)
(0.7772069, 0.19377944, 0., 2652., 14)
(0.77177477, 0.20679642, 0., 2894., 15)
(0.7465794, -0.24257839, 0., 2613., 342)
(0.7506992, -0.22951183, 0., 2503., 343)
(0.7430553, -0.21306771, 0., 2453., 344)
(0.74762654, -0.20032597, 0., 2704., 345)
(0.7519792, -0.1874895, 0., 3122., 346)
(0.7453931, -0.1720876, 0., 2756., 347)
(0.7482829, -0.15905248, 0., 2523., 348)
(0.7558529, -0.14692296, 0., 2626., 349)
(0.7592868, -0.13388279, 0., 2983., 350)
(0.7634831, -0.12092388, 0., 2533., 351)
(0.74963295, -0.10535408, 0., 2632., 352)
(0.74540216, -0.09152391, 0., 2741., 353)
(0.7419133, -0.07797827, 0., 1987., 354)
(0.7750395, -0.06780721, 0., 2603., 355)
(0.76513165, -0.05350325, 0., 3307., 356)
(0.7559626, -0.03961836, 0., 1992., 357)
(0.74554557, -0.02603506, 0., 2340., 358)
(0.7688829, -0.01342094, 0., 1116., 359)
(0.771, 0., 0., 2601., 0)
(0.7438867, 0.01298459, 0., 2775., 1)
(0.7315541, 0.02554643, 0., 886., 2)
(0.7939105, 0.04160709, 0., 2537., 3)
(0.7332096, 0.05127101, 0., 1097., 4)
(0.7401726, 0.06475671, 0., 1614., 5)
(0.8095408, 0.08508617, 0., 3609., 6)
(0.7463947, 0.09164574, 0., 576., 7)
(0.76151615, 0.10702411, 0., 2686., 8)
(0.776323, 0.12295749, 0., 2516., 9)
(0.77208924, 0.13614017, 0., 2897., 10)
(0.7705774, 0.14978507, 0., 2732., 11)
(0.76882404, 0.16341859, 0., 2966., 12)
(0.7678036, 0.17726143, 0., 2761., 13)
(0.75683063, 0.18869907, 0., 2703., 14)
(0.74666065, 0.20006712, 0., 5073., 15)
(0.7551389, -0.24535954, 0., 2812., 342)
(0.759306, -0.23214318, 0., 2664., 343)
(0.75362915, -0.21609971, 0., 2527., 344)
(0.755354, -0.20239653, 0., 2717., 345)
(0.75877124, -0.18918295, 0., 2667., 346)
(0.7590343, -0.17523691, 0., 2914., 347)
(0.75512993, -0.16050786, 0., 2728., 348)
(0.7597794, -0.1476862, 0., 2345., 349)
(0.76716524, -0.13527197, 0., 2795., 350)
(0.75558156, -0.1196724, 0., 2745., 351)
(0.7506232, -0.10549325, 0., 2836., 352)
(0.74242455, -0.09115831, 0., 2582., 353)
(0.7309736, -0.07682846, 0., 1979., 354)
(0.7710547, -0.06745858, 0., 2678., 355)
(0.75814867, -0.05301496, 0., 3103., 356)
(0.7449776, -0.03904266, 0., 2047., 357)
(0.7315541, -0.02554647, 0., 2406., 358)
(0.7468862, -0.01303698, 0., 2644., 359)
(0.772, 0., 0., 2640., 0)
(0.67589706, 0.01179783, 0., 4995., 1)
(0.7205608, 0.02516254, 0., 1705., 2)
(0.7799297, 0.04087438, 0., 2737., 3)
(0.7661292, 0.05357297, 0., 3341., 4)
(0.752127, 0.06580258, 0., 483., 5)
(0.7458914, 0.07839635, 0., 2670., 6)
(0.70470774, 0.08652723, 0., 730., 7)
(0.77637017, 0.1091117, 0., 1119., 8)
(0.7723723, 0.12233175, 0., 2703., 9)
(0.7691349, 0.13561922, 0., 2670., 10)
(0.76566917, 0.14883101, 0., 2729., 11)
(0.7668677, 0.16300276, 0., 2516., 12)
(0.77267545, 0.17838618, 0., 2747., 13)
(0.7655633, 0.19087636, 0., 2534., 14)
(0.77177477, 0.20679642, 0., 2816., 15)
(0.7608452, -0.24721363, 0., 2524., 342)
(0.7650438, -0.2338974, 0., 2852., 343)
(0.7497841, -0.21499716, 0., 2641., 344)
(0.7447288, -0.19954953, 0., 2723., 345)
(0.7432465, -0.1853122, 0., 2769., 346)
(0.74636745, -0.17231254, 0., 2383., 347)
(0.75317365, -0.16009203, 0., 2565., 348)
(0.7578162, -0.14730458, 0., 2592., 349)
(0.7573171, -0.13353549, 0., 2982., 350)
(0.7634831, -0.12092388, 0., 2585., 351)
(0.7595356, -0.10674581, 0., 2471., 352)
(0.75135744, -0.09225513, 0., 2844., 353)
(0.7429078, -0.07808279, 0., 2130., 354)
(0.7381803, -0.06458244, 0., 2896., 355)
(0.8000463, -0.05594473, 0., 3739., 356)
(0.73898584, -0.03872864, 0., 1742., 357)
(0.7535407, -0.02631426, 0., 2709., 358)
(0.76788306, -0.01340349, 0., 1109., 359)
(0.747, 0., 0., 2568., 0)
(0.76388365, 0.01333364, 0., 2968., 1)
(0.76753217, 0.02680281, 0., 690., 2)
(0.77094203, 0.04040336, 0., 2784., 3)
(0.6843289, 0.04785294, 0., 1104., 4)
(0.7939672, 0.06946313, 0., 1445., 5)
(0.79064494, 0.08310013, 0., 2872., 6)
(0.7076854, 0.08689284, 0., 593., 7)
(0.7842923, 0.1102251, 0., 2307., 8)
(0.7792861, 0.12342679, 0., 2818., 9)
(0.7750437, 0.13666111, 0., 2770., 10)
(0.77941203, 0.15150234, 0., 2988., 11)
(0.7903433, 0.16799265, 0., 2902., 12)
(0.7921629, 0.18288521, 0., 2917., 13)
(0.7888504, 0.1966825, 0., 2900., 14)
(0.7978547, 0.21378452, 0., 5132., 15)
(0.74848145, -0.24319641, 0., 2642., 342)
(0.7526118, -0.23009656, 0., 2644., 343)
(0.75362915, -0.21609971, 0., 2890., 344)
(0.76018363, -0.20369062, 0., 2465., 345)
(0.7655633, -0.19087641, 0., 2615., 346)
(0.7639061, -0.17636167, 0., 2493., 347)
(0.76197696, -0.16196324, 0., 2447., 348)
(0.7509448, -0.14596891, 0., 2547., 349)
(0.7523931, -0.13266724, 0., 2884., 350)
(0.7536062, -0.11935954, 0., 2901., 351)
(0.7634967, -0.1073025, 0., 2623., 352)
(0.7602903, -0.09335195, 0., 2820., 353)
(0.7269955, -0.07641035, 0., 1995., 354)
(0.76906234, -0.06728427, 0., 2556., 355)
(0.7860805, -0.05496814, 0., 3611., 356)
(0.72300774, -0.03789127, 0., 1857., 357)
(0.7385498, -0.02579076, 0., 2507., 358)
(0.754885, -0.0131766, 0., 2069., 359)
(0.753, 0., 0., 2456., 0)
(0.75888443, 0.01324638, 0., 3054., 1)
(0.73455226, 0.02565113, 0., 753., 2)
(0.7659489, 0.04014168, 0., 2542., 3)
(0.6464215, 0.0452022, 0., 1038., 4)
(0.7401726, 0.06475671, 0., 1410., 5)
(0.7856723, 0.08257749, 0., 2697., 6)
(0.7394469, 0.09079266, 0., 559., 7)
(0.7991463, 0.11231269, 0., 2538., 8)
(0.789163, 0.12499114, 0., 2727., 9)
(0.77898294, 0.13735572, 0., 2634., 10)
(0.7705774, 0.14978507, 0., 2904., 11)
(0.7746929, 0.16466606, 0., 3279., 12)
(0.77267545, 0.17838618, 0., 2679., 13)
(0.7849693, 0.19571482, 0., 3287., 14)
(0.7312059, 0.19592603, 0., 5138., 15)
(0.75418776, -0.2450505, 0., 2668., 342)
(0.75834966, -0.23185079, 0., 2848., 343)
(0.7613192, -0.21830481, 0., 2467., 344)
(0.7621154, -0.20420825, 0., 2552., 345)
(0.757801, -0.18894105, 0., 2676., 346)
(0.75416243, -0.17411216, 0., 2464., 347)
(0.7453485, -0.15842874, 0., 2676., 348)
(0.760761, -0.14787701, 0., 2793., 349)
(0.75534755, -0.13318819, 0., 2736., 350)
(0.7585446, -0.12014171, 0., 2707., 351)
(0.7486426, -0.10521489, 0., 2411., 352)
(0.74242455, -0.09115831, 0., 2922., 353)
(0.7299791, -0.07672393, 0., 1645., 354)
(0.77205086, -0.06754573, 0., 2511., 355)
(0.77710235, -0.05434033, 0., 3326., 356)
(0.7220091, -0.03783893, 0., 2025., 357)
(0.73555166, -0.02568606, 0., 2462., 358)
(0.7488859, -0.01307189, 0., 1220., 359)
(0.766, 0., 0., 2655., 0)
(0.73288834, 0.01279261, 0., 5421., 1)
(0.6875809, 0.02401085, 0., 1159., 2)
(0.7659489, 0.04014168, 0., 2818., 3)
(0.76712674, 0.05364273, 0., 2857., 4)
(0.76806617, 0.06719708, 0., 449., 5)
(0.77871066, 0.08184578, 0., 2510., 6)
(0.7315065, 0.0898177, 0., 677., 7)
(0.78033125, 0.1096684, 0., 1382., 8)
(0.77434766, 0.12264462, 0., 2693., 9)
(0.7691349, 0.13561922, 0., 2362., 10)
(0.7764671, 0.15092991, 0., 3052., 11)
(0.77175844, 0.16404232, 0., 2431., 12)
(0.7639061, 0.17636162, 0., 2655., 13)
(0.7432465, 0.18531217, 0., 2923., 14)
(0.77274066, 0.20705524, 0., 2892., 15)
(0.74848145, -0.24319641, 0., 2680., 342)
(0.7526118, -0.23009656, 0., 2724., 343)
(0.7449778, -0.21361898, 0., 2748., 344)
(0.7563199, -0.20265535, 0., 2601., 345)
(0.7548901, -0.18821527, 0., 2319., 346)
(0.75123936, -0.1734373, 0., 2737., 347)
(0.75904256, -0.1613395, 0., 2389., 348)
(0.7637059, -0.14844944, 0., 2490., 349)
(0.7612564, -0.13423008, 0., 2948., 350)
(0.7713846, -0.12217536, 0., 2603., 351)
(0.7724091, -0.10855505, 0., 2877., 352)
(0.7731934, -0.09493625, 0., 2628., 353)
(0.7657818, -0.08048695, 0., 2293., 354)
(0.76009655, -0.06649987, 0., 2982., 355)
(0.7741097, -0.05413106, 0., 4131., 356)
(0.72700226, -0.03810061, 0., 1829., 357)
(0.74254733, -0.02593036, 0., 2419., 358)
(0.75888443, -0.01324641, 0., 1406., 359)
